Train_labeled_loss:[0.0010006533425152894, 0.0008360922259486858, 0.0005191782010303814, 0.00034341670225786864, 0.0003605820572814513, 0.00040295444408183426, 0.0002738484195151846, 0.00030710454567692134, 0.0002904300175404835, 0.00032109858188964885, 0.0002923732376126497, 0.00029162419529074195, 0.00023580586496916068, 0.00031501158820886586, 0.0003233780038950382, 0.0003210211243278682, 0.00035207061728023085, 0.00034796711218575463, 0.0003752904599039838, 0.0002743501631028043]
Train_unlabeled_loss:[0.6262716132536515, 0.7496026704336974, 0.8249691851904225, 1.0630527193257149, 1.196916913640378, 1.2445163614279098, 1.3529425641647452, 1.375947956313415, 1.4274402191913134, 1.430401602476756, 1.4284861474342903, 1.4243812158143216, 1.4523778113151073, 1.4504426399072927, 1.4030688005772933, 1.403783293533135, 1.392904621475397, 1.4080406145405018, 1.3612331432526859, 1.4615726241008373]
Test_loss:[0.645145001366997, 0.7428676838682676, 0.7925883516942065, 0.9385405693592256, 0.9989656034024849, 0.9939503911254942, 1.0752720523174701, 1.0469072167564593, 1.1138224916600108, 1.0964017789380898, 1.0962481911898003, 1.1085818349509717, 1.123828978923675, 1.1434891888546312, 1.0816091336823264, 1.0925509527537407, 1.0652413856389433, 1.098973034255061, 1.053857349006885, 1.1379673637480172]
Train_labeled_accuracy:[1.0, 1.0, 1.0, 1.0, 1.0, 1.0, 1.0, 1.0, 1.0, 1.0, 1.0, 1.0, 1.0, 1.0, 1.0, 1.0, 1.0, 1.0, 1.0, 1.0]
Train_unlabeled_accuracy:[0.8727777777777778, 0.8694444444444445, 0.8811111111111111, 0.8885185185185185, 0.8931481481481481, 0.8922222222222222, 0.8918518518518519, 0.8914814814814815, 0.8911111111111111, 0.8909259259259259, 0.8914814814814815, 0.8912962962962963, 0.8909259259259259, 0.8909259259259259, 0.8909259259259259, 0.8909259259259259, 0.8909259259259259, 0.8909259259259259, 0.8909259259259259, 0.8909259259259259]
Test_accuracy:[0.8646, 0.8673, 0.8776, 0.8808, 0.8842, 0.8839, 0.8831, 0.8821, 0.882, 0.8829, 0.8825000000000001, 0.8819, 0.883, 0.8803, 0.8822, 0.8822, 0.8813, 0.8823, 0.8821, 0.8828]
