Train_labeled_loss:[0.0011616260696041259, 0.0009513223338411792, 0.0006379666431234955, 0.00042214759560442737, 0.00048707999907252644, 0.00037605631381700075, 0.0003592680964085996, 0.00031487386253507534, 0.00040726817359990427, 0.0003380556556254184, 0.00047744815502880143, 0.0003685931896495274, 0.0002721870506394919, 0.0003765573421802627, 0.0003229084187100789, 0.0003984858309644639, 0.0003138092450529112, 0.0003674078488794595, 0.0003746236501319807, 0.000314977700796904]
Train_unlabeled_loss:[0.6321987181275469, 0.7541444313377113, 0.854848890636612, 1.0055658735615787, 1.0983447708068912, 1.1807093836827725, 1.2093042277337704, 1.3205616459537952, 1.295876569122758, 1.2916012944575874, 1.2459556742281186, 1.2646692590521125, 1.3612959517530223, 1.3306276245831776, 1.308995069303201, 1.3417486994502412, 1.344944620715917, 1.3231288906460859, 1.3630022702188, 1.366569435161885]
Test_loss:[0.6544736673759699, 0.7283556563619746, 0.8180909282432005, 0.9041064234797447, 0.9692997523870237, 1.0042048436097093, 1.0133940883024677, 1.086280734451556, 1.070356750059142, 1.0553900279706443, 1.0204262247739866, 1.0333267459417295, 1.0857910812889568, 1.0925999851405563, 1.0486210783057428, 1.093653466590243, 1.0853854842669777, 1.0656292814206352, 1.1038971713097172, 1.0971392918704075]
Train_labeled_accuracy:[1.0, 1.0, 1.0, 1.0, 1.0, 1.0, 1.0, 1.0, 1.0, 1.0, 1.0, 1.0, 1.0, 1.0, 1.0, 1.0, 1.0, 1.0, 1.0, 1.0]
Train_unlabeled_accuracy:[0.8655555555555555, 0.8703703703703703, 0.8827777777777778, 0.8907407407407407, 0.8890740740740741, 0.8905555555555555, 0.8912962962962963, 0.8887037037037037, 0.8890740740740741, 0.8890740740740741, 0.8914814814814815, 0.8911111111111111, 0.8918518518518519, 0.8907407407407407, 0.8905555555555555, 0.89, 0.8907407407407407, 0.8918518518518519, 0.8918518518518519, 0.8911111111111111]
Test_accuracy:[0.8589, 0.8649, 0.8757, 0.8829, 0.8826, 0.8811, 0.8837, 0.882, 0.8829, 0.8831, 0.8804, 0.8819, 0.8827, 0.8805000000000001, 0.8821, 0.8818, 0.8835, 0.8837, 0.8809, 0.8813]
