Train_labeled_loss:[0.0008982845847924129, 0.0009769868707279283, 0.0006275591999566497, 0.0004787539750396775, 0.0003270814315754686, 0.0003293496928118954, 0.0003192418655395806, 0.0003307307115835205, 0.0002939676727719264, 0.0003240082944488938, 0.0003566686238012397, 0.0002902002759175824, 0.0003318822462358955, 0.0002583416371071349, 0.00027022141926943033, 0.0003076814830812357, 0.0002842810472408544, 0.014483633053093387, 0.0003361911931581696, 0.00031045802752676846]
Train_unlabeled_loss:[0.648297841476522, 0.6802682044989309, 0.7965715541817467, 1.0428535757408604, 1.2341347397293332, 1.3146847758147238, 1.349761562845464, 1.3600333005805803, 1.3880533680693676, 1.4014844433833493, 1.3852491301691605, 1.4184691881616533, 1.4252426119232522, 1.469549326731477, 1.4233695295698245, 1.4729289081992554, 1.4298639959746453, 1.0049794934191254, 1.3986194026393617, 1.4253344149755622]
Test_loss:[0.6642508502604608, 0.6872894468559967, 0.7753610726571912, 0.9323574203318481, 1.029079871251568, 1.043646765765238, 1.0734144137373358, 1.0659072261223643, 1.0846875941091898, 1.090344830297837, 1.082102261460292, 1.108671210799783, 1.117469736459618, 1.1558362600886045, 1.093770649995456, 1.1729809025042377, 1.106883890657879, 0.8466946396707826, 1.0789600782857112, 1.0961458611505641]
Train_labeled_accuracy:[1.0, 1.0, 1.0, 1.0, 1.0, 1.0, 1.0, 1.0, 1.0, 1.0, 1.0, 1.0, 1.0, 1.0, 1.0, 1.0, 1.0, 0.995, 1.0, 1.0]
Train_unlabeled_accuracy:[0.8701851851851852, 0.8803703703703704, 0.8824074074074074, 0.8870370370370371, 0.8862962962962962, 0.8901851851851852, 0.8898148148148148, 0.89, 0.8898148148148148, 0.89, 0.8890740740740741, 0.8901851851851852, 0.89, 0.8894444444444445, 0.89, 0.8898148148148148, 0.8896296296296297, 0.8894444444444445, 0.8896296296296297, 0.8901851851851852]
Test_accuracy:[0.8599, 0.8696, 0.8768, 0.8792, 0.8792, 0.883, 0.8825000000000001, 0.8814, 0.8805000000000001, 0.8813, 0.8806, 0.8811, 0.8786, 0.8794, 0.8826, 0.8802, 0.8815999999999999, 0.8757, 0.8835999999999999, 0.8826]
