Train_labeled_loss:[0.0009848634240337707, 0.0009089316829243791, 0.0006351257416169477, 0.0004459783250121496, 0.0003343477248042249, 0.0004251058782682924, 0.0003860708026606979, 0.00031451649048460354, 0.00043261326553441486, 0.00040564391508989987, 0.00028879880186479597, 0.0003852759133031972, 0.00030491790386641626, 0.0003525405638523313, 0.0003824533089250351, 0.00036769296246366495, 0.00031317518713396166, 0.0003693192931443141, 0.000408020336399208, 0.00030440623604412566]
Train_unlabeled_loss:[0.6204544894139491, 0.680433794934541, 0.8741169274326946, 1.0247026131703598, 1.18723644762503, 1.1669400894574329, 1.2407081692135353, 1.3143344868223308, 1.2892880793733168, 1.283518024281269, 1.3415630014869624, 1.3256305346004011, 1.3628093543162967, 1.3406161081107408, 1.3342381498914453, 1.3278953881742805, 1.3689499434292316, 1.363308400638256, 1.3242918435967392, 1.373131636038225]
Test_loss:[0.6383536113473395, 0.6973950063077038, 0.8577075863114975, 0.944735336270847, 1.0200314716539978, 1.0036746422337766, 1.0339062385447173, 1.0884570746814313, 1.0546271313041202, 1.0521052239844013, 1.100319987884295, 1.0953256963968827, 1.1215316256820203, 1.1136499670489948, 1.0844484586185488, 1.068976414329574, 1.1288046577114914, 1.1223835372399966, 1.077527019794983, 1.1198863744837924]
Train_labeled_accuracy:[1.0, 1.0, 1.0, 1.0, 1.0, 1.0, 1.0, 1.0, 1.0, 1.0, 1.0, 1.0, 1.0, 1.0, 1.0, 1.0, 1.0, 1.0, 1.0, 1.0]
Train_unlabeled_accuracy:[0.8705555555555555, 0.872037037037037, 0.8748148148148148, 0.8848148148148148, 0.8890740740740741, 0.8912962962962963, 0.892962962962963, 0.8924074074074074, 0.8922222222222222, 0.8927777777777778, 0.8922222222222222, 0.8927777777777778, 0.8924074074074074, 0.8927777777777778, 0.8935185185185185, 0.8931481481481481, 0.892962962962963, 0.8924074074074074, 0.8927777777777778, 0.892962962962963]
Test_accuracy:[0.8663, 0.8671, 0.8728, 0.8785000000000001, 0.8817, 0.8815, 0.8825000000000001, 0.8801, 0.8786, 0.8804, 0.8787, 0.879, 0.8804, 0.8792, 0.8799, 0.8813, 0.8785000000000001, 0.8791, 0.8806, 0.882]
