Train_labeled_loss:[0.0009453301699201366, 0.011015729168025222, 0.0008364163563203355, 0.000790660040237566, 0.0007297172898522237, 0.0006326146577980421, 0.00042878783239401464, 0.00040655076815059217, 0.0003629403171727116, 0.0004973547509067874, 0.00037494162916572484, 0.0004283258706400223, 0.0003418092311432515, 0.00041129605028715526, 0.00041709438380268046, 0.00037208555399597553, 0.0002779980870878449, 0.0003579040536747518, 0.00030527914014710387, 0.0003607150325211632]
Train_unlabeled_loss:[0.6483770574562926, 0.6780656256655715, 0.7223247386484437, 0.7513836808499776, 0.9054939462011767, 0.9310972681714411, 1.1315073815512333, 1.1235416828932925, 1.2557538015518661, 1.2121879828745528, 1.2277522939932266, 1.2668690045021616, 1.3350749148614054, 1.3260327008926385, 1.3292764878883998, 1.3458432896266677, 1.4398826616016018, 1.3995866631479106, 1.3902262797317915, 1.3700092212114607]
Test_loss:[0.6828264360333021, 0.7042753187981603, 0.7196050321018601, 0.7494551930016686, 0.8559875680291356, 0.8809717861325427, 1.021960577800666, 1.0068053588273491, 1.051449641179557, 1.019355113857961, 0.9962914816825529, 1.030646410704002, 1.0755414119893063, 1.0743141455843996, 1.0513249504325661, 1.0653628520265241, 1.1335227468305724, 1.1268117708749348, 1.0922409828498563, 1.092424840779709]
Train_labeled_accuracy:[1.0, 1.0, 1.0, 1.0, 1.0, 1.0, 1.0, 1.0, 1.0, 1.0, 1.0, 1.0, 1.0, 1.0, 1.0, 1.0, 1.0, 1.0, 1.0, 1.0]
Train_unlabeled_accuracy:[0.8690740740740741, 0.8485185185185184, 0.8733333333333333, 0.8733333333333333, 0.8751851851851852, 0.8716666666666667, 0.8785185185185185, 0.8801851851851852, 0.8781481481481481, 0.8768518518518519, 0.8814814814814815, 0.8814814814814815, 0.8812962962962962, 0.8805555555555555, 0.8812962962962962, 0.88, 0.8809259259259259, 0.8805555555555555, 0.8820370370370371, 0.8811111111111111]
Test_accuracy:[0.8588, 0.8399, 0.8676, 0.8682, 0.8735999999999999, 0.8722, 0.8729, 0.874, 0.8761, 0.8753, 0.8797, 0.8773, 0.8777, 0.8774, 0.8787, 0.8773, 0.8777, 0.876, 0.8767, 0.8775]
