Train_labeled_loss:[0.000977546862871727, 0.0011060114921054027, 0.0005336170405470068, 0.0004329375194440549, 0.00032243950562275357, 0.00042196873533226735, 0.0004472794191976276, 0.0005257207731543627, 0.0005489432102205609, 0.0004956789645895714, 0.0003877475554697768, 0.0003962473907373566, 0.0003924678964861391, 0.0004432424927566882, 0.00041685982434421913, 0.0003894904545261732, 0.00036962336921326827, 0.00039216137712259295, 0.00037807351193208075, 0.000433470743201451]
Train_unlabeled_loss:[0.6404703515840537, 0.7241162942066851, 0.888062729654304, 0.9652572019967705, 1.046415131821593, 1.0307573095923106, 1.0555933118741134, 1.066450517203081, 1.078388218759533, 1.086532365565171, 1.1201729027072964, 1.1199100836485598, 1.1355583716544142, 1.1806899530360608, 1.1710058697197467, 1.173948375667314, 1.1783685452172616, 1.1749985522224649, 1.1767430226063729, 1.1632620299769274]
Test_loss:[0.6453869803703512, 0.723085778657317, 0.8650826385868297, 0.9160897903117213, 0.9411739778379988, 0.8959904616079981, 0.9191769179074821, 0.9111550570075682, 0.9042513588045656, 0.9136705912695852, 0.9466856154217045, 0.9188686215189699, 0.9470677655645988, 0.9570995769481906, 0.959531094064248, 0.9739608840102768, 0.9641172438617914, 0.974145664530887, 0.965128388656161, 0.9532135605056273]
Train_labeled_accuracy:[1.0, 1.0, 1.0, 1.0, 1.0, 1.0, 1.0, 1.0, 1.0, 1.0, 1.0, 1.0, 1.0, 1.0, 1.0, 1.0, 1.0, 1.0, 1.0, 1.0]
Train_unlabeled_accuracy:[0.8711111111111112, 0.8688888888888888, 0.8833333333333333, 0.8907407407407407, 0.8885185185185185, 0.8914814814814815, 0.8925925925925926, 0.8927777777777778, 0.8918518518518519, 0.8935185185185185, 0.8925925925925926, 0.8935185185185185, 0.8937037037037037, 0.8931481481481481, 0.8942592592592593, 0.8916666666666666, 0.8924074074074074, 0.8935185185185185, 0.8922222222222222, 0.8925925925925926]
Test_accuracy:[0.8661, 0.863, 0.8737, 0.8785000000000001, 0.8815999999999999, 0.8812, 0.883, 0.8815999999999999, 0.885, 0.8845, 0.8841, 0.8829, 0.8834, 0.8843, 0.8851, 0.883, 0.8844, 0.8843, 0.8849, 0.8851]
